no of calibration points received: 10
[ INFO] [1552060212.923937132]: 2) QUICK SERVICE:
[ INFO] [1552060212.926886309]: hand_camera: 
translation: 
  x: -0.959013
  y: -0.430216
  z: 0.486737
rotation: 
  x: -0.736094
  y: 0.289482
  z: -0.26653
  w: 0.550751

[ INFO] [1552060212.926935247]: 3) TOPIC STREAM:
[ INFO] [1552060212.928774697]: hand_camera: 
translation: 
  x: -0.959013
  y: -0.430216
  z: 0.486737
rotation: 
  x: -0.736094
  y: 0.289482
  z: -0.26653
  w: 0.550751

