

RB:


translation: 
  x: -0.632524
  y: -0.708856
  z: 0.111008
rotation: 
  x: -0.695949
  y: -0.44774
  z: -0.0641119
  w: 0.55774
