
LB:


translation: 
  x: 0.420443
  y: -0.304333
  z: 0.243661
rotation: 
  x: -0.710423
  y: 0.603841
  z: -0.0865196
  w: 0.350984

