RU:

translation: 
  x: -0.490063
  y: -0.320864
  z: 0.953834
rotation: 
  x: -0.706958
  y: -0.605668
  z: 0.0306949
  w: 0.363916

